sn60(42 bits)
  2   4 5 7 8 9 10 11 12 13 14 15 17    19 20 21    23 24 25 26 27 28 29 30 31 32       35 36    38 39          43 44 45 46 47       50 51    53 54    56 57 59

sn57(44 bits)
0 2 3 4   7 8   10 11 12 13       17    19 20 21 22 23    25 26 27 28 29 30 31 32    34 35 36    38 39 40 41 42    44 45 46 47 48    50 51 52 53    55    57 59

sn54(39 bits)
  2   4   7 8 9 10 11 12 13       17 18 19 20 21 22    24 25 26    28    30 31    33 34 35 36 37 38    40    42 43       46 47    49    51 52 53 54    56 57

sn51(38 bits)
0 2   4   7 8   10 11 12 13       17    19    21    23       26 27 28 29    31 32 33    35 36 37 38          42 43 44 45 46 47 48 49    51 52 53 54       57 59

sn48(28)
0     4         10 11    13       17 18 19    21 22 23 24       27          31 32 33 34    36    38    40    42    44    46    48    50          54    56 57

sn45(22)
0               10 11 12 13          18 19    21 22 23          27       30 31 32    34    36                      44       47 48    50       53 54

sn42(21)
  2   4     8   10                      19    21 22    24 25 26 27                33             38    40    42 43 44 45       48                      56 57

sn39(15)
  2                11                18 19                25 26                32 33 34          38          42 43       46    48    50

sn36(17)
            8      11 12 13          18 19       22    24    26                   33 34          38       41 42 43       46 47

sn33(6)
      4                                 19       22          26                32                                  44

sn30(4)
                                                       24 25                                                          45             50

sn27(6)
                   11                                     25                      33                            43       46 47

sn24(2)
                                                 22             27

sn21(0)
---------------------------------------------------------------------------------------------------------------------------------------------------------------------
0 2 3 4 5 7 8 9 10 11 12 13 14 15 17 18 19 20 21 22 23 24 25 26 27 28 29 30 31 32 33 34 35 36 37 38 39 40 41 42 43 44 45 46 47 48 49 50 51 52 53 54 55 56 57 59   total: 56 bits
4 6 1 7 1 4 6 2 7  8  6  7  1  1  5  5  10 3  7  8  5  6  7  8  7  4  3  4  6  7  7  6  4  6  2  8  2  4  2  7  7  7  5  8  7  6  2  6  4  3  5  5  1  4  6  3