nov-60(0,5)  [16  6  1]       nov-39(3)    [40 23  7]
         1     0  0  1                  0    0  0  0
         2     0  1  0                  1    0  0  1
         3     0  1  1                  2    0  1  0
         4     1  0  0                  4    1  0  0
         6     1  1  0                  5    1  0  1
         7     1  1  1                  6    1  1  0
-----------------------                 7    1  1  1
nov-57(1)    [58 14  5]       ----------------------
          0    0  0  0        nov-36(0)    [30 21 10]
          2    0  1  0                  1    0  0  1
          3    0  1  1                  2    0  1  0
          4    1  0  0                  3    0  1  1
          5    1  0  1                  4    1  0  0
          6    1  1  0                  5    1  0  1
          7    1  1  1                  6    1  1  0
-----------------------                 7    1  1  1
nov-54(7)    [55 15  3]       -----------------------
          0    0  0  0        nov-33(4)    [56 37 12]
          1    0  0  1                  0    0  0  0
          2    0  1  0                  1    0  0  1
          3    0  1  1                  2    0  1  0
          4    1  0  0                  3    0  1  1
          5    1  0  1                  5    1  0  1
          6    1  1  0                  6    1  1  0
-----------------------                 7    1  1  1
nov-51(0)    [39 20  9]       ----------------------
          1    0  0  1        nov-30(1)    [59 42  8]
          2    0  1  0                  0    0  0  0
          3    0  1  1                  2    0  1  0
          4    1  0  0                  3    0  1  1
          5    1  0  1                  4    1  0  0
          6    1  1  0                  5    1  0  1
          7    1  1  1                  6    1  1  0
-----------------------                 7    1  1  1
nov-48(0)    [52 51 35]       ----------------------
          1    0  0  1        nov-27(0)    [53 32  2]
          2    0  1  0                  1    0  0  1
          3    0  1  1                  2    0  1  0
          4    1  0  0                  3    0  1  1
          5    1  0  1                  4    1  0  0
          6    1  1  0                  5    1  0  1
          7    1  1  1                  6    1  1  0
----------------------                  7    1  1  1
nov-45(1)    [49 29 28]       ----------------------
          0    0  0  0        nov-24(6)    [46 44 36]
          2    0  1  0                  0    0  0  0
          3    0  1  1                  1    0  0  1
          4    1  0  0                  2    0  1  0
          5    1  0  1                  3    0  1  1
          6    1  1  0                  4    1  0  0
          7    1  1  1                  5    1  0  1
-----------------------                 7    1  1  1
nov-42(6)    [31 17  0]       -----------------------
          0    0  0  0        nov-21(1)    [54 50 11]
          1    0  0  1                  0    0  0  0
          2    0  1  0                  2    0  1  0
          3    0  1  1                  3    0  1  1
          4    1  0  0                  4    1  0  0
          5    1  0  1                  5    1  0  1
          7    1  1  1                  6    1  1  0
----------------------                  7    1  1  1
                              -----------------------